Statistics for the Run

Store 1 Total Sales: 256323.062500 

Store 2 Total Sales: 263249.812500 
Monthly Total Sales: 
 January: 29783.111328 
 February: 33650.640625 
 March: 41916.031250 
 April: 39805.210938 
 May: 52422.683594 
 June: 43675.949219 
July: 41804.089844 
 August: 47433.101563 
 September: 42594.210938 
 October: 48137.023438 
 November: 42928.503906 
 December: 55422.375000 
Aggregate Sales: 519572.94 
Total Simulation Time: 8563 Milliseconds
