Statistics for the Run

Store 1 Total Sales: 262166.218750 

Store 2 Total Sales: 258918.515625 
Monthly Total Sales: 
 January: 50577.378906 
 February: 38078.027344 
 March: 41299.156250 
 April: 41848.289063 
 May: 50951.984375 
 June: 36053.636719 
July: 49671.703125 
 August: 36665.429688 
 September: 36338.531250 
 October: 43187.613281 
 November: 49973.933594 
 December: 46439.265625 
Aggregate Sales: 521085.0 
Total Simulation Time: 15778 
