Statistics for the Run

Store 1 Total Sales: 250956.312500 

Store 2 Total Sales: 255498.359375 
Monthly Total Sales: 
 January: 38595.859375 
 February: 40513.378906 
 March: 43080.066406 
 April: 47295.789063 
 May: 41291.535156 
 June: 49370.136719 
July: 43993.601563 
 August: 41590.171875 
 September: 47958.328125 
 October: 34919.113281 
 November: 33995.496094 
 December: 43851.359375 
Aggregate Sales: 506454.88 
Total Simulation Time: 8862 Milliseconds
