Statistics for the Run

Store 1 Total Sales: 244760.718750 

Store 2 Total Sales: 243238.250000 
Monthly Total Sales: 
 January: 44983.347656 
 February: 37213.726563 
 March: 38481.222656 
 April: 38022.859375 
 May: 41991.964844 
 June: 42786.070313 
July: 36132.074219 
 August: 53763.828125 
 September: 39518.328125 
 October: 34733.496094 
 November: 40816.964844 
 December: 39555.058594 
Aggregate Sales: 487998.9 
Total Simulation Time: 15802 
