Statistics for the Run

Store 1 Total Sales: 501659.312500 

Store 2 Total Sales: 0.000000 
Monthly Total Sales: 
 January: 38034.578125 
 February: 41692.671875 
 March: 40353.867188 
 April: 41161.589844 
 May: 49080.101563 
 June: 43878.859375 
July: 36740.125000 
 August: 39683.136719 
 September: 37191.964844 
 October: 54595.632813 
 November: 42724.144531 
 December: 36522.578125 
Aggregate Sales: 501659.25 
Total Simulation Time: 131 
