Statistics for the Run

Store 1 Total Sales: 487853.875000 

Store 2 Total Sales: 0.000000 
Monthly Total Sales: 
 January: 36818.464844 
 February: 47522.222656 
 March: 42009.546875 
 April: 42542.984375 
 May: 34172.304688 
 June: 50199.671875 
July: 40538.054688 
 August: 38673.042969 
 September: 39207.246094 
 October: 41900.351563 
 November: 34978.003906 
 December: 39292.062500 
Aggregate Sales: 487853.94 
Total Simulation Time: 305 
