Statistics for the Run

Store 1 Total Sales: 0.000000 

Store 2 Total Sales: 502992.156250 
Monthly Total Sales: 
 January: 39996.925781 
 February: 34445.792969 
 March: 36527.800781 
 April: 48661.421875 
 May: 41164.050781 
 June: 49209.386719 
July: 39838.320313 
 August: 43342.472656 
 September: 46196.769531 
 October: 47876.480469 
 November: 39348.125000 
 December: 36384.644531 
Aggregate Sales: 502992.2 
Total Simulation Time: 137 
