Statistics for the Run

Store 1 Total Sales: 262116.812500 

Store 2 Total Sales: 223952.906250 
Monthly Total Sales: 
 January: 47314.707031 
 February: 34765.371094 
 March: 35238.492188 
 April: 48862.125000 
 May: 23887.435547 
 June: 37253.621094 
July: 38913.269531 
 August: 49729.371094 
 September: 42744.109375 
 October: 44235.359375 
 November: 39630.667969 
 December: 43495.171875 
Aggregate Sales: 486069.7 
Total Simulation Time: 16100 
