Statistics for the Run

Store 1 Total Sales: 251923.984375 

Store 2 Total Sales: 259764.062500 
Monthly Total Sales: 
 January: 47250.203125 
 February: 36114.210938 
 March: 40546.250000 
 April: 48378.937500 
 May: 37335.144531 
 June: 42758.773438 
July: 46061.808594 
 August: 31973.343750 
 September: 44245.757813 
 October: 45213.539063 
 November: 47367.128906 
 December: 44443.019531 
Aggregate Sales: 511688.1 
Total Simulation Time: 22403 Milliseconds
