Statistics for the Run

Store 1 Total Sales: 238065.984375 

Store 2 Total Sales: 265836.812500 
Monthly Total Sales: 
 January: 46030.500000 
 February: 34737.660156 
 March: 37779.359375 
 April: 40624.554688 
 May: 31291.580078 
 June: 48975.765625 
July: 48249.152344 
 August: 51678.230469 
 September: 39852.421875 
 October: 33712.480469 
 November: 50321.382813 
 December: 40649.605469 
Aggregate Sales: 503902.62 
Total Simulation Time: 22332 Milliseconds
