Statistics for the Run

Store 1 Total Sales: 258982.843750 

Store 2 Total Sales: 250895.750000 
Monthly Total Sales: 
 January: 53599.191406 
 February: 36734.894531 
 March: 37335.765625 
 April: 44484.199219 
 May: 35320.484375 
 June: 49597.574219 
July: 48271.601563 
 August: 48652.761719 
 September: 41425.601563 
 October: 37995.609375 
 November: 35408.105469 
 December: 41052.796875 
Aggregate Sales: 509878.56 
Total Simulation Time: 22808 Milliseconds
