Statistics for the Run

Store 1 Total Sales: 248263.656250 

Store 2 Total Sales: 252874.796875 
Monthly Total Sales: 
 January: 46791.718750 
 February: 42807.863281 
 March: 42364.777344 
 April: 40334.843750 
 May: 36881.863281 
 June: 37153.214844 
July: 39694.835938 
 August: 36385.835938 
 September: 41771.960938 
 October: 45467.125000 
 November: 47486.804688 
 December: 43997.507813 
Aggregate Sales: 501138.38 
Total Simulation Time: 8574 Milliseconds
